
=================================================================================================
       variable         mean           sd         p0     p25      p50       p75         p100     
-------------------------------------------------------------------------------------------------
1        age           39.410        13.439       18     28       38        50           93      
2     cotPension        1.447         0.542       1       1        1         2           3       
3    cuentaPropia       0.311         0.463       0       0        0         1           1       
4      estrato1         2.555         1.014       1       2        2         3           6       
5       formal          0.596         0.491       0       0        1         1           1       
6       ingtot      1,798,186.000 2,687,702.000 15,000 800,000 1,069,453 1,750,703 85,833,333.000
7        mes            6.447         3.372       1       4        6         9           12      
8    microEmpresa       0.440         0.496       0       0        0         1           1       
9       p6050           2.197         1.786       1       1        2         3           9       
10      p6090           1.087         0.338       1       1        1         1           9       
11      p6240           1.513         1.367       1       1        1         1           6       
12      p6870           4.974         3.346       1       2        4         9           9       
13      p7040           1.963         0.189       1       2        2         2           2       
14      p7090           1.905         0.294       1       2        2         2           2       
15      p7495           1.905         0.293       1       2        2         2           2       
16    p7500s1a1      50,466.240    331,276.900    0       0        0         0       12,000,000  
17    p7500s2a1      43,833.670    754,497.800    0       0        0         0       80,000,000  
18    p7500s3a1       5,187.012    86,722.970     0       0        0         0       7,200,000   
19      p7505           1.627         0.484       1       1        2         2           2       
20    p7510s1a1      69,618.850   1,050,519.000   0       0        0         0      100,000,000  
21    p7510s2a1      11,374.330    408,407.800    0       0        0         0       36,000,000  
22    p7510s3a1      16,848.900    321,803.100    0       0        0         0       30,000,000  
23    p7510s5a1      102,183.100  4,250,833.000   0       0        0         0      400,000,000  
24    p7510s6a1      85,505.640    640,762.900    0       0        0         0       30,000,000  
25    p7510s7a1      192,231.000  1,917,211.000   0       0        0         0       80,000,000  
26     regSalud         1.334         0.727       1       1        1         1           3       
27      relab           2.213         1.492       1       1        1         4           9       
28       sex            0.533         0.499       0       0        1         1           1       
29 totalHoursWorked    47.549        15.473       1      40       48        50          130      
-------------------------------------------------------------------------------------------------
