
===================================================================================================================================================
    type       variable     n_missing    c_rate        mean          sd           p0          p25          p50          p75          p100     hist 
---------------------------------------------------------------------------------------------------------------------------------------------------
1  numeric       age            0     1.000000e+00 3.941009e+01 1.343901e+01 1.800000e+01 2.800000e+01 3.800000e+01 5.000000e+01 9.300000e+01 ▇▇▅▁▁
2  numeric       age2           0     1.000000e+00 1.733751e+03 1.159556e+03 3.240000e+02 7.840000e+02 1.444000e+03 2.500000e+03 8.649000e+03 ▇▃▁▁▁
3  numeric      clase           0     1.000000e+00 1.000000e+00 0.000000e+00 1.000000e+00 1.000000e+00 1.000000e+00 1.000000e+00 1.000000e+00 ▁▁▇▁▁
4  numeric     college          0     1.000000e+00 3.192234e-01 4.661901e-01 0.000000e+00 0.000000e+00 0.000000e+00 1.000000e+00 1.000000e+00 ▇▁▁▁▃
5  numeric    cotPension        0     1.000000e+00 1.446827e+00 5.421091e-01 1.000000e+00 1.000000e+00 1.000000e+00 2.000000e+00 3.000000e+00 ▇▁▆▁▁
6  numeric   cuentaPropia       0     1.000000e+00 3.110524e-01 4.629384e-01 0.000000e+00 0.000000e+00 0.000000e+00 1.000000e+00 1.000000e+00 ▇▁▁▁▃
7  numeric      depto           0     1.000000e+00 1.100000e+01 0.000000e+00 1.100000e+01 1.100000e+01 1.100000e+01 1.100000e+01 1.100000e+01 ▁▁▇▁▁
8  numeric     estrato1         0     1.000000e+00 2.555323e+00 1.013955e+00 1.000000e+00 2.000000e+00 2.000000e+00 3.000000e+00 6.000000e+00 ▇▆▁▁▁
9  numeric      female          0     1.000000e+00 4.666093e-01 4.988991e-01 0.000000e+00 0.000000e+00 0.000000e+00 1.000000e+00 1.000000e+00 ▇▁▁▁▇
10 numeric      fex_c           0     1.000000e+00 2.490875e+02 5.957269e+01 1.066126e+02 2.146991e+02 2.405701e+02 2.689680e+02 8.082415e+02 ▇▅▁▁▁
11 numeric     fex_dpto         0     1.000000e+00 2.490875e+02 5.957269e+01 1.066126e+02 2.146991e+02 2.405701e+02 2.689680e+02 8.082415e+02 ▇▅▁▁▁
12 numeric      formal          0     1.000000e+00 5.955643e-01 4.907976e-01 0.000000e+00 0.000000e+00 1.000000e+00 1.000000e+00 1.000000e+00 ▆▁▁▁▇
13 numeric     fweight          0     1.000000e+00 2.490898e+02 5.956852e+01 1.070000e+02 2.150000e+02 2.410000e+02 2.690000e+02 8.080000e+02 ▇▅▁▁▁
14 numeric  hoursWorkUsual      0     1.000000e+00 4.715218e+01 1.535934e+01 1.000000e+00 4.000000e+01 4.800000e+01 5.000000e+01 1.300000e+02 ▁▇▂▁▁
15 numeric       impa           0     1.000000e+00 1.455599e+06 2.236298e+06 0.000000e+00 6.000000e+05 9.369530e+05 1.500000e+06 5.000000e+07 ▇▁▁▁▁
16 numeric      ingtot          0     1.000000e+00 1.798186e+06 2.687702e+06 1.500000e+04 8.000000e+05 1.069453e+06 1.750703e+06 8.583333e+07 ▇▁▁▁▁
17 numeric     ingtot_H         0     1.000000e+00 4.402568e+04 1.068441e+05 3.333333e+02 1.666667e+04 2.285714e+04 3.981250e+04 8.087500e+06 ▇▁▁▁▁
18 numeric     ingtotob         0     1.000000e+00 1.602979e+06 2.558321e+06 0.000000e+00 7.000000e+05 1.000000e+06 1.588700e+06 8.583333e+07 ▇▁▁▁▁
19 numeric       iof1           0     1.000000e+00 8.515259e+03 3.542361e+05 0.000000e+00 0.000000e+00 0.000000e+00 0.000000e+00 3.333333e+07 ▇▁▁▁▁
20 numeric       iof2           0     1.000000e+00 3.891876e+04 4.200675e+05 0.000000e+00 0.000000e+00 0.000000e+00 0.000000e+00 2.400000e+07 ▇▁▁▁▁
21 numeric      iof3h           0     1.000000e+00 1.192784e+04 1.284071e+05 0.000000e+00 0.000000e+00 0.000000e+00 0.000000e+00 8.333333e+06 ▇▁▁▁▁
22 numeric      iof3i           0     1.000000e+00 1.148090e+03 1.285039e+04 0.000000e+00 0.000000e+00 0.000000e+00 0.000000e+00 4.666667e+05 ▇▁▁▁▁
23 numeric       iof6           0     1.000000e+00 5.046624e+04 3.312769e+05 0.000000e+00 0.000000e+00 0.000000e+00 0.000000e+00 1.200000e+07 ▇▁▁▁▁
24 numeric       isa            0     1.000000e+00 1.950700e+04 2.204677e+05 0.000000e+00 0.000000e+00 0.000000e+00 0.000000e+00 1.000000e+07 ▇▁▁▁▁
25 numeric     logwage          0     1.000000e+00 1.018869e+01 8.722027e-01 5.809143e+00 9.721166e+00 1.003702e+01 1.059194e+01 1.590583e+01 ▁▅▇▁▁
26 numeric       mes            0     1.000000e+00 6.447011e+00 3.371901e+00 1.000000e+00 4.000000e+00 6.000000e+00 9.000000e+00 1.200000e+01 ▇▆▆▆▇
27 numeric   microEmpresa       0     1.000000e+00 4.395159e-01 4.963434e-01 0.000000e+00 0.000000e+00 0.000000e+00 1.000000e+00 1.000000e+00 ▇▁▁▁▆
28 numeric      oficio          0     1.000000e+00 4.971451e+01 2.818270e+01 1.000000e+00 3.300000e+01 4.500000e+01 7.000000e+01 9.900000e+01 ▃▃▇▁▅
29 numeric      p6050           0     1.000000e+00 2.197211e+00 1.785584e+00 1.000000e+00 1.000000e+00 2.000000e+00 3.000000e+00 9.000000e+00 ▇▂▁▁▁
30 numeric      p6090           0     1.000000e+00 1.087424e+00 3.379237e-01 1.000000e+00 1.000000e+00 1.000000e+00 1.000000e+00 9.000000e+00 ▇▁▁▁▁
31 numeric      p6210           0     1.000000e+00 5.007311e+00 1.095191e+00 1.000000e+00 4.000000e+00 5.000000e+00 6.000000e+00 9.000000e+00 ▁▅▆▇▁
32 numeric     p6210s1          0     1.000000e+00 6.810899e+00 3.519038e+00 0.000000e+00 4.000000e+00 6.000000e+00 1.100000e+01 9.900000e+01 ▇▁▁▁▁
33 numeric      p6240           0     1.000000e+00 1.512625e+00 1.367312e+00 1.000000e+00 1.000000e+00 1.000000e+00 1.000000e+00 6.000000e+00 ▇▁▁▁▁
34 numeric      p6426           0     1.000000e+00 6.378749e+01 8.952397e+01 0.000000e+00 7.000000e+00 2.400000e+01 8.400000e+01 7.200000e+02 ▇▁▁▁▁
35 numeric      p6870           0     1.000000e+00 4.974135e+00 3.346447e+00 1.000000e+00 2.000000e+00 4.000000e+00 9.000000e+00 9.000000e+00 ▇▃▁▂▇
36 numeric      p7040           0     1.000000e+00 1.962770e+00 1.893318e-01 1.000000e+00 2.000000e+00 2.000000e+00 2.000000e+00 2.000000e+00 ▁▁▁▁▇
37 numeric      p7090           0     1.000000e+00 1.904528e+00 2.938750e-01 1.000000e+00 2.000000e+00 2.000000e+00 2.000000e+00 2.000000e+00 ▁▁▁▁▇
38 numeric      p7495           0     1.000000e+00 1.905081e+00 2.931123e-01 1.000000e+00 2.000000e+00 2.000000e+00 2.000000e+00 2.000000e+00 ▁▁▁▁▇
39 numeric    p7500s1a1         0     1.000000e+00 5.046624e+04 3.312769e+05 0.000000e+00 0.000000e+00 0.000000e+00 0.000000e+00 1.200000e+07 ▇▁▁▁▁
40 numeric    p7500s2a1         0     1.000000e+00 4.383367e+04 7.544978e+05 0.000000e+00 0.000000e+00 0.000000e+00 0.000000e+00 8.000000e+07 ▇▁▁▁▁
41 numeric    p7500s3a1         0     1.000000e+00 5.187012e+03 8.672297e+04 0.000000e+00 0.000000e+00 0.000000e+00 0.000000e+00 7.200000e+06 ▇▁▁▁▁
42 numeric      p7505           0     1.000000e+00 1.627388e+00 4.835148e-01 1.000000e+00 1.000000e+00 2.000000e+00 2.000000e+00 2.000000e+00 ▅▁▁▁▇
43 numeric    p7510s1a1         0     1.000000e+00 6.961885e+04 1.050519e+06 0.000000e+00 0.000000e+00 0.000000e+00 0.000000e+00 1.000000e+08 ▇▁▁▁▁
44 numeric    p7510s2a1         0     1.000000e+00 1.137433e+04 4.084078e+05 0.000000e+00 0.000000e+00 0.000000e+00 0.000000e+00 3.600000e+07 ▇▁▁▁▁
45 numeric    p7510s3a1         0     1.000000e+00 1.684890e+04 3.218031e+05 0.000000e+00 0.000000e+00 0.000000e+00 0.000000e+00 3.000000e+07 ▇▁▁▁▁
46 numeric    p7510s5a1         0     1.000000e+00 1.021831e+05 4.250833e+06 0.000000e+00 0.000000e+00 0.000000e+00 0.000000e+00 4.000000e+08 ▇▁▁▁▁
47 numeric    p7510s6a1         0     1.000000e+00 8.550564e+04 6.407629e+05 0.000000e+00 0.000000e+00 0.000000e+00 0.000000e+00 3.000000e+07 ▇▁▁▁▁
48 numeric    p7510s7a1         0     1.000000e+00 1.922310e+05 1.917211e+06 0.000000e+00 0.000000e+00 0.000000e+00 0.000000e+00 8.000000e+07 ▇▁▁▁▁
49 numeric     regSalud       1369    9.158936e-01 1.334451e+00 7.273526e-01 1.000000e+00 1.000000e+00 1.000000e+00 1.000000e+00 3.000000e+00 ▇▁▁▁▂
50 numeric      relab           0     1.000000e+00 2.213307e+00 1.492494e+00 1.000000e+00 1.000000e+00 1.000000e+00 4.000000e+00 9.000000e+00 ▇▅▁▁▁
51 numeric       sex            0     1.000000e+00 5.333907e-01 4.988991e-01 0.000000e+00 0.000000e+00 1.000000e+00 1.000000e+00 1.000000e+00 ▇▁▁▁▇
52 numeric totalHoursWorked     0     1.000000e+00 4.754887e+01 1.547335e+01 1.000000e+00 4.000000e+01 4.800000e+01 5.000000e+01 1.300000e+02 ▁▇▂▁▁
53 numeric    y_total_m         0     1.000000e+00 1.617551e+06 2.315557e+06 8.400000e+01 8.000000e+05 1.025000e+06 1.617551e+06 7.000000e+07 ▇▁▁▁▁
54 numeric   y_total_m_ha       0     1.000000e+00 8.541874e+03 1.320593e+04 4.715278e-01 3.888889e+03 5.185185e+03 8.541874e+03 3.505833e+05 ▇▁▁▁▁
---------------------------------------------------------------------------------------------------------------------------------------------------
