
=================================================================================================================================
   valor p6870 p6050 relab estrato1 p6240 regSalud cotPension p6090 p7495 p7505 p7040 p7090 cuentaPropia microEmpresa sex  formal
---------------------------------------------------------------------------------------------------------------------------------
1    0                                                                                          0.69         0.56     0.47  0.4  
2    1   0.25  0.48  0.57    0.11   0.86    0.82      0.58    0.92  0.09  0.37  0.04   0.1      0.31         0.44     0.53  0.6  
3    2   0.13  0.21  0.04    0.42   0.01    0.03      0.4     0.08  0.91  0.63  0.96   0.9                                       
4    3   0.06  0.21  0.04    0.36   0.01    0.15      0.02                                                                       
5    4   0.07  0.01  0.31    0.07   0.05                                                                                         
6    5   0.04  0.05  0.04    0.02                                                                                                
7    6   0.05  0.01    0     0.03   0.06                                                                                         
8    7   0.04    0     0                                                                                                         
9    8   0.04    0     0                                                                                                         
10   9   0.33  0.04    0                                        0                                                                
---------------------------------------------------------------------------------------------------------------------------------
